0 11093822414568 0 1724.01
0 11093822414569 0 1787.16
0 11093822414570 0 1428.29
0 11093822414571 0 1607.11
0 11093822414572 0 864.459
0 11093822414573 0 1182.09
0 11093822414574 0 0
0 11093822414575 0 467.85
0 11093822415010 0 3568.56
0 11093822415011 0 3672.78
0 11093822415012 0 3719.62
0 11093822415013 0 3698.7
0 11093822415014 0 3592.22
0 11093822415015 0 3376.25
0 11093822415032 0 3034.25
0 11093822415033 0 2583.86
0 11093822415136 0 3552.32
0 11093822415137 0 3568.67
0 11093822415140 0 3240.09
0 11093822415141 0 2968.02
0 11093822415142 0 3527.53
0 11093822415143 0 3421.71
0 11093822415162 0 2594.6
0 11093822415163 0 2134.02
0 11093822415200 0 3663.77
0 11093822415201 0 3605.33
0 11093822415204 0 3206.78
0 11093822415205 0 3452.69
0 11093822415206 0 3598.89
0 11093822415207 0 3664.49
0 11093822415226 0 2391.72
0 11093822415227 0 2847.73
0 11093822415264 0 3072.84
0 11093822415265 0 2974.27
0 11093822415266 0 2813.59
0 11093822415267 0 2583.51
0 11093822415271 0 3115.97
0 11093822415292 0 2276.67
0 11093822415293 0 1885.3
0 11093822415294 0 1419.29
0 11093822415328 0 3298.4
0 11093822415329 0 3373.57
0 11093822415330 0 2949.92
0 11093822415331 0 3160.12
0 11093822415334 0 3392.08
0 11093822415356 0 2272.78
0 11093822415357 0 2657.13
0 11093822415359 0 1808.89
0 11093822415392 0 1922.63
0 11093822415393 0 1677.27
0 11093822415394 0 2216.44
0 11093822415395 0 2100.48
0 11093822415397 0 2278.55
0 11093822415420 0 496.102
0 11093822415422 0 1360.16
0 11093822415423 0 963.825
0 11093822415456 0 2152.21
0 11093822415457 0 2393.31
0 11093822415458 0 2566.35
0 11093822415459 0 2677.56
0 11093822415460 0 2734.4
0 11093822415485 0 975.673
0 11093822415486 0 1442.87
0 11093822415487 0 1837.87
0 11093822422984 0 2250.06
0 11093822422985 0 2424.04
0 11093822422986 0 2533.52
0 11093822422987 0 2581.06
0 11093822422988 0 832.166
0 11093822422989 0 1299.08
0 11093822422990 0 1693.7
0 11093822422991 0 2007.93
0 11093822439424 0 3947.58
0 11093822439425 0 3854.44
0 11093822439428 0 3617.37
0 11093822439429 0 3839.88
0 11093822439430 0 3954.58
0 11093822439431 0 3984.57
0 11093822439450 0 2819.42
0 11093822439451 0 3271.24
0 11093822439488 0 4190.58
0 11093822439489 0 4248.13
0 11093822439490 0 4238.66
0 11093822439491 0 4142.62
0 11093822439495 0 4077.69
0 11093822439516 0 3934.52
0 11093822439517 0 3596.95
0 11093822439518 0 3148.1
0 11093822439554 0 3136.68
0 11093822439555 0 3058.82
0 11093822439556 0 3111.53
0 11093822439557 0 3157.54
0 11093822439558 0 2749.05
0 11093822439559 0 2982.45
0 11093822439576 0 1942.38
0 11093822439577 0 2396.48
0 11093822439616 0 3502.83
0 11093822439617 0 3584.97
0 11093822439620 0 3443.8
0 11093822439621 0 3213.42
0 11093822439622 0 3610.38
0 11093822439623 0 3568.87
0 11093822439642 0 2862.63
0 11093822439643 0 2409.17
0 11093822439746 0 2569.85
0 11093822439747 0 2646.85
0 11093822439748 0 2666.77
0 11093822439749 0 2619.86
0 11093822439750 0 2489.98
0 11093822439751 0 2255.97
0 11093822439768 0 1903.05
0 11093822439769 0 1448.82
0 11093822440192 0 4459.4
0 11093822440193 0 4461.67
0 11093822440194 0 4369.76
0 11093822440195 0 4210.2
0 11093822440196 0 3998.57
0 11093822440221 0 3602.49
0 11093822440222 0 4035.4
0 11093822440223 0 4326.66
0 11093822440320 0 4391.63
0 11093822440321 0 4305.04
0 11093822440322 0 4341.56
0 11093822440323 0 4411.07
0 11093822440326 0 4164.07
0 11093822440348 0 3829.34
0 11093822440349 0 4154.33
0 11093822440351 0 3384.83
0 11093822440384 0 4479.95
0 11093822440385 0 4442.6
0 11093822440386 0 4304.07
0 11093822440387 0 4425.71
0 11093822440389 0 4129.07
0 11093822440412 0 3532.94
0 11093822440414 0 4281.16
0 11093822440415 0 3972
0 11093822443536 0 4479.54
0 11093822443537 0 4529.27
0 11093822443538 0 4509.53
0 11093822443539 0 4403.06
0 11093822443543 0 4369.79
0 11093822443562 0 2354.48
0 11093822443563 0 2813.27
0 11093822443600 0 3713.56
0 11093822443601 0 3672.54
0 11093822443604 0 3180.78
0 11093822443605 0 3440.94
0 11093822443606 0 3606.02
0 11093822443607 0 3692.99
0 11093822443626 0 3233.65
0 11093822443627 0 2776.29
0 11093822443664 0 4031.61
0 11093822443665 0 4085.48
0 11093822443668 0 3849.16
0 11093822443669 0 3596.79
0 11093822443670 0 4078.09
0 11093822443671 0 4003.56
0 11093822443688 0 1388.91
0 11093822443689 0 1848.33
0 11093822443730 0 2770.89
0 11093822443731 0 2735.86
0 11093822443732 0 2651.43
0 11093822443733 0 2744.14
0 11093822443734 0 2217.78
0 11093822443735 0 2481.47
0 11093822443752 0 2342.64
0 11093822443753 0 1883.32
0 11093822443794 0 3225.47
0 11093822443795 0 3261.5
0 11093822443796 0 3235.79
0 11093822443797 0 3144.04
0 11093822443798 0 2974.88
0 11093822443799 0 2711.78
0 11093822444333 0 3579.02
0 11093822444334 0 4024.11
0 11093822444335 0 4350.74
0 11093822444368 0 4540.26
0 11093822444369 0 4611.51
0 11093822444370 0 4591.77
0 11093822444371 0 4501.37
0 11093822444372 0 4352.11
0 11093822444396 0 3689.76
0 11093822444398 0 4436.38
0 11093822444399 0 4128.51
0 11093822444432 0 4626.74
0 11093822444433 0 4594.84
0 11093822444434 0 4429.28
0 11093822444435 0 4563.68
0 11093822444437 0 4237.87
0 11093822444460 0 3580.77
0 11093822444461 0 3935.69
0 11093822444463 0 3126.14
0 11093822444496 0 4360.48
0 11093822444497 0 4344.27
0 11093822444498 0 4173.61
0 11093822444499 0 4308.46
0 11093822444502 0 4267.31
0 11093822444524 0 4186.48
0 11093822444525 0 3843.88
0 11093822444526 0 3393.41
0 11093822455810 0 4313.99
0 11093822455811 0 4350.68
0 11093822455812 0 4325.05
0 11093822455813 0 4230.51
0 11093822455814 0 4056.35
0 11093822455815 0 3788.69
0 11093822455832 0 3417.37
0 11093822455833 0 2957.53
0 11093822455874 0 4428.73
0 11093822455875 0 4348.52
0 11093822455876 0 4396.76
0 11093822455877 0 4447.84
0 11093822455878 0 4021.17
0 11093822455879 0 4260.83
0 11093822455896 0 3210.12
0 11093822455897 0 3665.14
0 11093822456064 0 3025.66
0 11093822456065 0 2917.26
0 11093822456066 0 2744.31
0 11093822456067 0 2503.02
0 11093822456071 0 3072.05
0 11093822456092 0 2189.3
0 11093822456093 0 1794.94
0 11093822456094 0 1328.14
0 11093822456128 0 3382.3
0 11093822456129 0 3485.23
0 11093822456130 0 2977.48
0 11093822456131 0 3214.46
0 11093822456134 0 3525.87
0 11093822456156 0 2273.41
0 11093822456157 0 2666.47
0 11093822456159 0 1807.08
0 11093822456192 0 4290.9
0 11093822456193 0 4417.61
0 11093822456196 0 4388.35
0 11093822456197 0 4181.15
0 11093822456198 0 4485.01
0 11093822456199 0 4481.51
0 11093822456218 0 3843.7
0 11093822456219 0 3394.78
0 11093822456448 0 3633.1
0 11093822456449 0 3407.45
0 11093822456450 0 3876.18
0 11093822456451 0 3787.55
0 11093822456453 0 3902.11
0 11093822456476 0 2249.11
0 11093822456478 0 3103.89
0 11093822456479 0 2714.35
0 11093822456512 0 3771.14
0 11093822456513 0 3975.89
0 11093822456514 0 4105.86
0 11093822456515 0 4168.52
0 11093822456516 0 4168.34
0 11093822456541 0 2636.1
0 11093822456542 0 3099.3
0 11093822456543 0 3481.84
0 11093822459864 0 2066.73
0 11093822459865 0 1888.41
0 11093822459866 0 2240.23
0 11093822459867 0 2181.85
0 11093822459868 0 927.962
0 11093822459869 0 460.112
0 11093822459870 0 1642.2
0 11093822459871 0 1324.57
0 11093822459922 0 4018.22
0 11093822459923 0 3995.93
0 11093822459924 0 3878.78
0 11093822459925 0 3981.56
0 11093822459926 0 3427.59
0 11093822459927 0 3698.87
0 11093822459944 0 3306.8
0 11093822459945 0 2851.01
0 11093822459986 0 4043.78
0 11093822459987 0 4108.39
0 11093822459988 0 4114.37
0 11093822459989 0 4052.89
0 11093822459990 0 3909.47
0 11093822459991 0 3665.14
0 11093822460176 0 2560.07
0 11093822460177 0 2674.19
0 11093822460178 0 2137.38
0 11093822460179 0 2382.74
0 11093822460182 0 2731.49
0 11093822460204 0 2297.98
0 11093822460205 0 1902.98
0 11093822460206 0 1435.79
0 11093822460240 0 3134.83
0 11093822460241 0 3025.72
0 11093822460242 0 2853.35
0 11093822460243 0 2612.31
0 11093822460247 0 3186.72
0 11093822460266 0 3041.5
0 11093822460267 0 3491.47
0 11093822460304 0 4111.75
0 11093822460305 0 4001.32
0 11093822460308 0 3832.2
0 11093822460309 0 4045.7
0 11093822460310 0 4148.38
0 11093822460311 0 4164.36
0 11093822460392 0 2593.97
0 11093822460393 0 3054.46
0 11093822460525 0 1879.4
0 11093822460526 0 2345.41
0 11093822460527 0 2736.77
0 11093822460560 0 3043.54
0 11093822460561 0 3273.33
0 11093822460562 0 3432.9
0 11093822460563 0 3528.78
0 11093822460564 0 3566.67
0 11093822460588 0 2269
0 11093822460590 0 3117.14
0 11093822460591 0 2732.87
0 11093822460624 0 3619.02
0 11093822460625 0 3409.64
0 11093822460626 0 3826.97
0 11093822460627 0 3755.35
0 11093822460629 0 3839.87
0 11093822460652 0 1423.94
0 11093822460653 0 1820.28
0 11093822460655 0 956.214
0 11093822464034 0 4138.65
0 11093822464035 0 4119.69
0 11093822464036 0 3980.27
0 11093822464037 0 4092.84
0 11093822464038 0 3515.63
0 11093822464039 0 3792.15
0 11093822464056 0 2679.35
0 11093822464057 0 3140.19
0 11093822464096 0 2814.02
0 11093822464097 0 2811.78
0 11093822464100 0 2409.47
0 11093822464101 0 2122.3
0 11093822464102 0 2744.89
0 11093822464103 0 2613.36
0 11093822464122 0 1741.63
0 11093822464123 0 1279.29
0 11093822464160 0 3303.08
0 11093822464161 0 3304.2
0 11093822464164 0 2617.01
0 11093822464165 0 2903.66
0 11093822464166 0 3106.75
0 11093822464167 0 3237.31
0 11093822464186 0 1774.32
0 11093822464187 0 2236.58
0 11093822464224 0 4608.34
0 11093822464225 0 4670.37
0 11093822464226 0 4659.75
0 11093822464227 0 4559.26
0 11093822464231 0 4483.75
0 11093822464252 0 4346.21
0 11093822464253 0 4005.47
0 11093822464254 0 3555.6
0 11093822464482 0 3753.96
0 11093822464483 0 3758.48
0 11093822464484 0 3698.26
0 11093822464485 0 3572.64
0 11093822464486 0 3373.65
0 11093822464487 0 3089.72
0 11093822464504 0 2710.6
0 11093822464505 0 2248.7
0 11093822464800 0 4667.63
0 11093822464801 0 4557.3
0 11093822464802 0 4646.54
0 11093822464803 0 4704.46
0 11093822464806 0 4386.8
0 11093822464828 0 4144.61
0 11093822464829 0 4466.21
0 11093822464831 0 3701.09
0 11093822464864 0 4303.1
0 11093822464865 0 4135.18
0 11093822464866 0 4411.5
0 11093822464867 0 4391.66
0 11093822464869 0 4366.72
0 11093822464892 0 3046.1
0 11093822464894 0 3872.8
0 11093822464895 0 3504.72
0 11093822464928 0 4390.89
0 11093822464929 0 4528.98
0 11093822464930 0 4582.67
0 11093822464931 0 4565.48
0 11093822464932 0 4484.33
0 11093822464957 0 3338.53
0 11093822464958 0 3793.5
0 11093822464959 0 4149.95
0 11093822468106 0 2061.37
0 11093822468107 0 1596.54
0 11093822468144 0 3262.28
0 11093822468145 0 3233.62
0 11093822468148 0 2753.92
0 11093822468149 0 2450.26
0 11093822468150 0 3139.99
0 11093822468151 0 2981.7
0 11093822468168 0 2073.64
0 11093822468169 0 2538.09
0 11093822468210 0 3691.52
0 11093822468211 0 3714.27
0 11093822468212 0 3450.36
0 11093822468213 0 3603.57
0 11093822468214 0 2925.75
0 11093822468215 0 3226.77
0 11093822468236 0 4390.11
0 11093822468237 0 4058.71
0 11093822468238 0 3611.81
0 11093822468272 0 4562.66
0 11093822468273 0 4650.44
0 11093822468274 0 4664.99
0 11093822468275 0 4586.63
0 11093822468279 0 4414.16
0 11093822468298 0 1100.94
0 11093822468299 0 1565.86
0 11093822468336 0 2741.81
0 11093822468337 0 2771.65
0 11093822468340 0 1955
0 11093822468341 0 2259.15
0 11093822468342 0 2487.75
0 11093822468343 0 2647.04
0 11093822468488 0 2974.67
0 11093822468489 0 2511.21
0 11093822468530 0 4085.66
0 11093822468531 0 4078.02
0 11093822468532 0 4004.91
0 11093822468533 0 3865.15
0 11093822468534 0 3652.68
0 11093822468535 0 3358.92
0 11093822468876 0 3201.42
0 11093822468878 0 4025.61
0 11093822468879 0 3659.52
0 11093822468912 0 4444.73
0 11093822468913 0 4283.75
0 11093822468914 0 4531.58
0 11093822468915 0 4523.58
0 11093822468917 0 4474.82
0 11093822468940 0 3894.49
0 11093822468941 0 4245.05
0 11093822468943 0 3441.3
0 11093822468976 0 4631.38
0 11093822468977 0 4593.2
0 11093822468978 0 4474.88
0 11093822468979 0 4597.05
0 11093822468982 0 4491.82
0 11093822469069 0 2890.56
0 11093822469070 0 3352.04
0 11093822469071 0 3729.37
0 11093822469104 0 4009.08
0 11093822469105 0 4200.79
0 11093822469106 0 4315.75
0 11093822469107 0 4362.01
0 11093822469108 0 4342.81
0 11093822771220 0 3842.91
0 11093822771221 0 4043.17
0 11093822771222 0 4195.93
0 11093822771223 0 4285.06
0 11093822771224 0 4282.53
0 11093822771225 0 4150.54
0 11093822771226 0 3860.13
0 11093822771227 0 3427.64
0 11093822771284 0 4067.07
0 11093822771285 0 3894.93
0 11093822771286 0 4249.91
0 11093822771287 0 4190.59
0 11093822771288 0 4062.56
0 11093822771289 0 4218.69
0 11093822771290 0 3319.06
0 11093822771291 0 3756.82
0 11093822771348 0 4072.62
0 11093822771349 0 4106.66
0 11093822771350 0 3824.8
0 11093822771351 0 3973.66
0 11093822771352 0 3556.7
0 11093822771353 0 3114.66
0 11093822771354 0 4051.14
0 11093822771355 0 3874.93
0 11093822771412 0 3843.7
0 11093822771413 0 3827.92
0 11093822771414 0 3746.61
0 11093822771415 0 3614.27
0 11093822771416 0 2808.61
0 11093822771417 0 3253.58
0 11093822771418 0 3580.43
0 11093822771419 0 3770.77
0 11093822771473 0 3270.32
0 11093822771474 0 3393.35
0 11093822771475 0 3464.61
0 11093822771480 0 2410.99
0 11093822771484 0 3470.01
0 11093822771485 0 3387.26
0 11093822771486 0 3189.09
0 11093822771487 0 2857.56
0 11093822771536 0 2829.45
0 11093822771538 0 3016.11
0 11093822771539 0 2948.81
0 11093822771545 0 1949.16
0 11093822771548 0 2930.82
0 11093822771549 0 3017.41
0 11093822771550 0 2396.33
0 11093822771551 0 2729.64
0 11093822771600 0 2459.76
0 11093822771601 0 2526.24
0 11093822771603 0 2341.13
0 11093822771610 0 1456.6
0 11093822771612 0 2237.56
0 11093822771613 0 1903.9
0 11093822771614 0 2526.71
0 11093822771615 0 2439.34
0 11093822772165 0 3454.02
0 11093822772166 0 3880.75
0 11093822772167 0 4154.49
0 11093822772168 0 4260.61
0 11093822772169 0 4232.74
0 11093822772170 0 4111.99
0 11093822772171 0 3927.82
0 11093822772172 0 3697.06
1 11093822414568 0 195.853
1 11093822414569 0 -0.973406
1 11093822414570 0 547.401
1 11093822414571 0 384.258
1 11093822414572 0 621.061
1 11093822414573 0 647.388
1 11093822414574 0 0
1 11093822414575 0 405.265
1 11093822415010 0 1339.69
1 11093822415011 0 1536.52
1 11093822415012 0 1724.93
1 11093822415013 0 1888.07
1 11093822415014 0 1988.06
1 11093822415015 0 1961.73
1 11093822415032 0 1745.93
1 11093822415033 0 1340.67
1 11093822415136 0 1511.81
1 11093822415137 0 1708.64
1 11093822415140 0 2160.17
1 11093822415141 0 2133.85
1 11093822415142 0 1897.05
1 11093822415143 0 2060.19
1 11093822415162 0 1918.05
1 11093822415163 0 1512.79
1 11093822415200 0 1659.05
1 11093822415201 0 1462.22
1 11093822415204 0 2084.26
1 11093822415205 0 2110.58
1 11093822415206 0 2010.6
1 11093822415207 0 1847.45
1 11093822415226 0 1463.2
1 11093822415227 0 1868.46
1 11093822415264 0 1452.25
1 11093822415265 0 1640.66
1 11093822415266 0 1803.8
1 11093822415267 0 1903.79
1 11093822415271 0 1255.43
1 11093822415292 0 1877.46
1 11093822415293 0 1661.67
1 11093822415294 0 1256.4
1 11093822415328 0 1837.23
1 11093822415329 0 1648.83
1 11093822415330 0 2100.36
1 11093822415331 0 2000.37
1 11093822415334 0 1452
1 11093822415356 0 1858.24
1 11093822415357 0 2074.03
1 11093822415359 0 1452.97
1 11093822415392 0 1034.58
1 11093822415393 0 1134.57
1 11093822415394 0 683.032
1 11093822415395 0 871.438
1 11093822415397 0 486.206
1 11093822415420 0 487.179
1 11093822415422 0 1108.24
1 11093822415423 0 892.444
1 11093822415456 0 1570.46
1 11093822415457 0 1470.48
1 11093822415458 0 1307.33
1 11093822415459 0 1118.93
1 11093822415460 0 922.101
1 11093822415485 0 923.074
1 11093822415486 0 1328.34
1 11093822415487 0 1544.14
1 11093822422984 0 1168.46
1 11093822422985 0 1005.32
1 11093822422986 0 816.914
1 11093822422987 0 620.088
1 11093822422988 0 621.061
1 11093822422989 0 1026.33
1 11093822422990 0 1242.12
1 11093822422991 0 1268.45
1 11093822439424 0 1648.11
1 11093822439425 0 1451.28
1 11093822439428 0 2073.32
1 11093822439429 0 2099.64
1 11093822439430 0 1999.66
1 11093822439431 0 1836.51
1 11093822439450 0 1452.26
1 11093822439451 0 1857.52
1 11093822439488 0 1844.68
1 11093822439489 0 2033.08
1 11093822439490 0 2196.23
1 11093822439491 0 2296.21
1 11093822439495 0 1647.85
1 11093822439516 0 2269.89
1 11093822439517 0 2054.09
1 11093822439518 0 1648.83
1 11093822439554 0 878.885
1 11093822439555 0 682.059
1 11093822439556 0 1230.43
1 11093822439557 0 1067.29
1 11093822439558 0 1304.09
1 11093822439559 0 1330.42
1 11093822439576 0 683.032
1 11093822439577 0 1088.3
1 11093822439616 0 1117.95
1 11093822439617 0 1314.78
1 11093822439620 0 1766.31
1 11093822439621 0 1739.99
1 11093822439622 0 1503.19
1 11093822439623 0 1666.33
1 11093822439642 0 1524.19
1 11093822439643 0 1118.93
1 11093822439746 0 194.88
1 11093822439747 0 391.706
1 11093822439748 0 580.111
1 11093822439749 0 743.254
1 11093822439750 0 843.241
1 11093822439751 0 816.914
1 11093822439768 0 601.118
1 11093822439769 0 195.853
1 11093822440192 0 2183.91
1 11093822440193 0 2083.92
1 11093822440194 0 1920.78
1 11093822440195 0 1732.37
1 11093822440196 0 1535.55
1 11093822440221 0 1536.52
1 11093822440222 0 1941.79
1 11093822440223 0 2157.58
1 11093822440320 0 2092.9
1 11093822440321 0 1904.49
1 11093822440322 0 2356.03
1 11093822440323 0 2256.04
1 11093822440326 0 1707.67
1 11093822440348 0 2113.91
1 11093822440349 0 2329.7
1 11093822440351 0 1708.64
1 11093822440384 0 2206.45
1 11093822440385 0 2306.44
1 11093822440386 0 1854.9
1 11093822440387 0 2043.31
1 11093822440389 0 1658.08
1 11093822440412 0 1659.05
1 11093822440414 0 2280.11
1 11093822440415 0 2064.31
1 11093822443536 0 2092.9
1 11093822443537 0 2281.3
1 11093822443538 0 2444.45
1 11093822443539 0 2544.43
1 11093822443543 0 1896.07
1 11093822443562 0 1307.33
1 11093822443563 0 1712.6
1 11093822443600 0 1503.19
1 11093822443601 0 1306.36
1 11093822443604 0 1928.39
1 11093822443605 0 1954.72
1 11093822443606 0 1854.73
1 11093822443607 0 1691.59
1 11093822443626 0 2045.93
1 11093822443627 0 1640.66
1 11093822443664 0 1639.69
1 11093822443665 0 1836.51
1 11093822443668 0 2288.05
1 11093822443669 0 2261.72
1 11093822443670 0 2024.92
1 11093822443671 0 2188.06
1 11093822443688 0 384.258
1 11093822443689 0 789.524
1 11093822443730 0 580.111
1 11093822443731 0 383.285
1 11093822443732 0 931.66
1 11093822443733 0 768.517
1 11093822443734 0 1005.32
1 11093822443735 0 1031.65
1 11093822443752 0 1276.7
1 11093822443753 0 871.438
1 11093822443794 0 870.464
1 11093822443795 0 1067.29
1 11093822443796 0 1255.7
1 11093822443797 0 1418.84
1 11093822443798 0 1518.83
1 11093822443799 0 1492.5
1 11093822444333 0 1847.45
1 11093822444334 0 2252.72
1 11093822444335 0 2468.52
1 11093822444368 0 2494.84
1 11093822444369 0 2394.86
1 11093822444370 0 2231.71
1 11093822444371 0 2043.31
1 11093822444372 0 1846.48
1 11093822444396 0 1724.93
1 11093822444398 0 2345.99
1 11093822444399 0 2130.19
1 11093822444432 0 2272.33
1 11093822444433 0 2372.31
1 11093822444434 0 1920.78
1 11093822444435 0 2109.18
1 11093822444437 0 1723.95
1 11093822444460 0 2242.5
1 11093822444461 0 2458.29
1 11093822444463 0 1837.23
1 11093822444496 0 2221.49
1 11093822444497 0 2033.08
1 11093822444498 0 2484.62
1 11093822444499 0 2384.63
1 11093822444502 0 1836.26
1 11093822444524 0 2518.11
1 11093822444525 0 2302.31
1 11093822444526 0 1897.05
1 11093822455810 0 2132.88
1 11093822455811 0 2329.7
1 11093822455812 0 2518.11
1 11093822455813 0 2681.25
1 11093822455814 0 2781.24
1 11093822455815 0 2754.91
1 11093822455832 0 2539.11
1 11093822455833 0 2133.85
1 11093822455874 0 2280.11
1 11093822455875 0 2083.28
1 11093822455876 0 2631.66
1 11093822455877 0 2468.52
1 11093822455878 0 2705.32
1 11093822455879 0 2731.64
1 11093822455896 0 2084.26
1 11093822455897 0 2489.52
1 11093822456064 0 1304.09
1 11093822456065 0 1492.5
1 11093822456066 0 1655.64
1 11093822456067 0 1755.63
1 11093822456071 0 1107.27
1 11093822456092 0 1729.3
1 11093822456093 0 1513.51
1 11093822456094 0 1108.24
1 11093822456128 0 1928.39
1 11093822456129 0 1739.99
1 11093822456130 0 2191.52
1 11093822456131 0 2091.54
1 11093822456134 0 1543.16
1 11093822456156 0 1949.4
1 11093822456157 0 2165.2
1 11093822456159 0 1544.14
1 11093822456192 0 1960.76
1 11093822456193 0 2157.58
1 11093822456196 0 2609.12
1 11093822456197 0 2582.79
1 11093822456198 0 2345.99
1 11093822456199 0 2509.13
1 11093822456218 0 2366.99
1 11093822456219 0 1961.73
1 11093822456448 0 2424.86
1 11093822456449 0 2524.85
1 11093822456450 0 2073.32
1 11093822456451 0 2261.72
1 11093822456453 0 1876.49
1 11093822456476 0 1877.46
1 11093822456478 0 2498.52
1 11093822456479 0 2282.73
1 11093822456512 0 2721.42
1 11093822456513 0 2621.44
1 11093822456514 0 2458.29
1 11093822456515 0 2269.89
1 11093822456516 0 2073.06
1 11093822456541 0 2074.03
1 11093822456542 0 2479.3
1 11093822456543 0 2695.1
1 11093822459864 0 789.524
1 11093822459865 0 952.667
1 11093822459866 0 404.292
1 11093822459867 0 601.118
1 11093822459868 0 810.531
1 11093822459869 0 405.265
1 11093822459870 0 1052.65
1 11093822459871 0 1026.33
1 11093822459922 0 2113.91
1 11093822459923 0 1917.08
1 11093822459924 0 2465.45
1 11093822459925 0 2302.31
1 11093822459926 0 2539.11
1 11093822459927 0 2565.44
1 11093822459944 0 2273.73
1 11093822459945 0 1868.46
1 11093822459986 0 1867.49
1 11093822459987 0 2064.31
1 11093822459988 0 2252.72
1 11093822459989 0 2415.86
1 11093822459990 0 2515.85
1 11093822459991 0 2489.52
1 11093822460176 0 1276.7
1 11093822460177 0 1088.3
1 11093822460178 0 1539.83
1 11093822460179 0 1439.85
1 11093822460182 0 891.471
1 11093822460204 0 1949.4
1 11093822460205 0 1733.6
1 11093822460206 0 1328.34
1 11093822460240 0 1524.19
1 11093822460241 0 1712.6
1 11093822460242 0 1875.74
1 11093822460243 0 1975.73
1 11093822460247 0 1327.37
1 11093822460266 0 1745.93
1 11093822460267 0 2151.2
1 11093822460304 0 1941.79
1 11093822460305 0 1744.96
1 11093822460308 0 2366.99
1 11093822460309 0 2393.32
1 11093822460310 0 2293.33
1 11093822460311 0 2130.19
1 11093822460392 0 1918.05
1 11093822460393 0 2323.32
1 11093822460525 0 1661.67
1 11093822460526 0 2066.93
1 11093822460527 0 2282.73
1 11093822460560 0 2309.05
1 11093822460561 0 2209.07
1 11093822460562 0 2045.93
1 11093822460563 0 1857.52
1 11093822460564 0 1660.69
1 11093822460588 0 1858.24
1 11093822460590 0 2479.3
1 11093822460591 0 2263.5
1 11093822460624 0 2405.64
1 11093822460625 0 2505.63
1 11093822460626 0 2054.09
1 11093822460627 0 2242.5
1 11093822460629 0 1857.27
1 11093822460652 0 1297.71
1 11093822460653 0 1513.51
1 11093822460655 0 892.444
1 11093822464034 0 1999.66
1 11093822464035 0 1802.83
1 11093822464036 0 2351.2
1 11093822464037 0 2188.06
1 11093822464038 0 2424.86
1 11093822464039 0 2451.19
1 11093822464056 0 1803.8
1 11093822464057 0 2209.07
1 11093822464096 0 546.428
1 11093822464097 0 743.254
1 11093822464100 0 1194.79
1 11093822464101 0 1168.46
1 11093822464102 0 931.66
1 11093822464103 0 1094.8
1 11093822464122 0 952.667
1 11093822464123 0 547.401
1 11093822464160 0 1230.43
1 11093822464161 0 1033.61
1 11093822464164 0 1655.64
1 11093822464165 0 1681.97
1 11093822464166 0 1581.98
1 11093822464167 0 1418.84
1 11093822464186 0 1034.58
1 11093822464187 0 1439.85
1 11093822464224 0 2206.45
1 11093822464225 0 2394.86
1 11093822464226 0 2558
1 11093822464227 0 2657.98
1 11093822464231 0 2009.62
1 11093822464252 0 2631.66
1 11093822464253 0 2415.86
1 11093822464254 0 2010.6
1 11093822464482 0 1469.5
1 11093822464483 0 1666.33
1 11093822464484 0 1854.73
1 11093822464485 0 2017.88
1 11093822464486 0 2117.86
1 11093822464487 0 2091.54
1 11093822464504 0 1875.74
1 11093822464505 0 1470.48
1 11093822464800 0 2272.33
1 11093822464801 0 2083.92
1 11093822464802 0 2535.46
1 11093822464803 0 2435.47
1 11093822464806 0 1887.09
1 11093822464828 0 2293.33
1 11093822464829 0 2509.13
1 11093822464831 0 1888.07
1 11093822464864 0 2547.78
1 11093822464865 0 2647.76
1 11093822464866 0 2196.23
1 11093822464867 0 2384.63
1 11093822464869 0 1999.4
1 11093822464892 0 2000.37
1 11093822464894 0 2621.44
1 11093822464895 0 2405.64
1 11093822464928 0 2707.58
1 11093822464929 0 2607.59
1 11093822464930 0 2444.45
1 11093822464931 0 2256.04
1 11093822464932 0 2059.21
1 11093822464957 0 2060.19
1 11093822464958 0 2465.45
1 11093822464959 0 2681.25
1 11093822468106 0 1539.83
1 11093822468107 0 1134.57
1 11093822468144 0 1133.59
1 11093822468145 0 1330.42
1 11093822468148 0 1781.95
1 11093822468149 0 1755.63
1 11093822468150 0 1518.83
1 11093822468151 0 1681.97
1 11093822468168 0 1570.46
1 11093822468169 0 1975.73
1 11093822468210 0 1766.31
1 11093822468211 0 1569.49
1 11093822468212 0 2117.86
1 11093822468213 0 1954.72
1 11093822468214 0 2191.52
1 11093822468215 0 2217.85
1 11093822468236 0 2609.12
1 11093822468237 0 2393.32
1 11093822468238 0 1988.06
1 11093822468272 0 2183.91
1 11093822468273 0 2372.31
1 11093822468274 0 2535.46
1 11093822468275 0 2635.44
1 11093822468279 0 1987.08
1 11093822468298 0 647.388
1 11093822468299 0 1052.65
1 11093822468336 0 843.241
1 11093822468337 0 646.414
1 11093822468340 0 1268.45
1 11093822468341 0 1294.78
1 11093822468342 0 1194.79
1 11093822468343 0 1031.65
1 11093822468488 0 2309.05
1 11093822468489 0 1903.79
1 11093822468530 0 1902.82
1 11093822468531 0 2099.64
1 11093822468532 0 2288.05
1 11093822468533 0 2451.19
1 11093822468534 0 2551.18
1 11093822468535 0 2524.85
1 11093822468876 0 2160.17
1 11093822468878 0 2781.24
1 11093822468879 0 2565.44
1 11093822468912 0 2707.58
1 11093822468913 0 2807.56
1 11093822468914 0 2356.03
1 11093822468915 0 2544.43
1 11093822468917 0 2159.2
1 11093822468940 0 2515.85
1 11093822468941 0 2731.64
1 11093822468943 0 2110.58
1 11093822468976 0 2494.84
1 11093822468977 0 2306.44
1 11093822468978 0 2757.97
1 11093822468979 0 2657.98
1 11093822468982 0 2109.61
1 11093822469069 0 2100.36
1 11093822469070 0 2505.63
1 11093822469071 0 2721.42
1 11093822469104 0 2747.75
1 11093822469105 0 2647.76
1 11093822469106 0 2484.62
1 11093822469107 0 2296.21
1 11093822469108 0 2099.39
1 11093822771220 0 1461.25
1 11093822771221 0 1658.08
1 11093822771222 0 1846.48
1 11093822771223 0 2009.62
1 11093822771224 0 2109.61
1 11093822771225 0 2083.28
1 11093822771226 0 1867.49
1 11093822771227 0 1462.22
1 11093822771284 0 1707.67
1 11093822771285 0 1510.84
1 11093822771286 0 2059.21
1 11093822771287 0 1896.07
1 11093822771288 0 2132.87
1 11093822771289 0 2159.2
1 11093822771290 0 1511.81
1 11093822771291 0 1917.08
1 11093822771348 0 1836.26
1 11093822771349 0 1999.4
1 11093822771350 0 1451.03
1 11093822771351 0 1647.85
1 11093822771352 0 1857.26
1 11093822771353 0 1452
1 11093822771354 0 2099.39
1 11093822771355 0 2073.06
1 11093822771412 0 1802.83
1 11093822771413 0 1639.69
1 11093822771414 0 1451.28
1 11093822771415 0 1254.46
1 11093822771416 0 1255.43
1 11093822771417 0 1660.69
1 11093822771418 0 1876.49
1 11093822771419 0 1902.82
1 11093822771473 0 921.127
1 11093822771474 0 1117.95
1 11093822771475 0 1306.36
1 11093822771480 0 922.101
1 11093822771484 0 1469.5
1 11093822771485 0 1569.49
1 11093822771486 0 1543.16
1 11093822771487 0 1327.37
1 11093822771536 0 485.232
1 11093822771538 0 870.464
1 11093822771539 0 682.059
1 11093822771545 0 486.206
1 11093822771548 0 1133.59
1 11093822771549 0 1033.61
1 11093822771550 0 891.471
1 11093822771551 0 1107.27
1 11093822771600 0 194.88
1 11093822771601 0 383.285
1 11093822771603 0 -1.94685
1 11093822771610 0 -0.973406
1 11093822771612 0 620.088
1 11093822771613 0 404.292
1 11093822771614 0 546.428
1 11093822771615 0 646.414
1 11093822772165 0 1339.69
1 11093822772166 0 1744.96
1 11093822772167 0 1960.76
1 11093822772168 0 1987.08
1 11093822772169 0 1887.1
1 11093822772170 0 1723.95
1 11093822772171 0 1535.55
1 11093822772172 0 1338.72
